# player move
0.0, 0.0, 0.0, 1.0, 0.0, 0.0, 0.0
0.0, 0.0, 0.999999941793, 1.39506755649e-09, 5.68123233708e-08, 0.0, 0.0
0.0, 0.417975208843, 0.082024490256, 3.05410216352e-07, 0.0293851890564, 0.470614806434, 0.0
0.0, 0.00238959042501, 0.000357148172025, 0.00791166064485, 0.136335118893, 0.853006481865, 0.0
0.0, 0.000193648248779, 1.54155468351e-05, 0.0381062852337, 0.0416009352962, 0.920083715674, 0.0
0.0, 7.18969466878e-05, 5.8757800923e-06, 0.00639701152195, 0.008662069117, 0.984863146634, 0.0
0.0, 9.79947819184e-06, 1.33273734839e-06, 0.0593695088098, 0.0002456767279, 0.940373682247, 0.0
0.0, 0.000123839140587, 1.38531549447e-05, 0.221977270627, 0.224271152215, 0.553613884862, 0.0
# player pred
0.0, 0.0, 0.0, 1.0, 0.0, 0.0, 0.0
0.0, 0.0, 1.99151080953e-06, 0.99999577761, 2.23087911642e-06, 0.0, 0.0
0.0, 0.53088743893, 1.58954329586e-08, 3.19875346481e-08, 1.64048084709e-08, 0.469112496783, 0.0
0.0, 0.487805611907, 0.163961405996, 0.121427213549, 0.0488825925011, 0.177923176046, 0.0
0.0, 0.411498728205, 0.0180795093696, 0.0411473428204, 0.027645108672, 0.501629310933, 0.0
0.0, 0.499880184706, 0.0559368436686, 0.0431659082585, 0.0333408131517, 0.367676250215, 0.0
0.0, 0.591816347646, 0.0220607269538, 0.0250825152386, 0.0131762204589, 0.347864189703, 0.0
0.0, 0.369995237497, 0.036316971319, 0.048821328365, 0.030988294506, 0.513878168313, 0.0
